5 699
8 698
8 699
9 698
9 699
10 694
10 695
10 696
10 699
11 695
11 696
11 697
12 695
14 693
14 694
14 695
14 697
14 698
15 693
16 694
16 695
16 696
16 697
16 698
16 699
17 695
17 696
18 694
18 695
18 696
19 694
19 695
19 697
19 699
20 694
20 696
20 698
20 699
21 693
21 696
21 697
21 698
21 699
22 692
22 694
22 698
22 699
23 692
23 694
23 699
26 692
26 694
27 693
27 695
28 696
29 699
30 695
30 696
30 697
30 698
30 699
34 696
35 696
35 698
35 699
36 697
36 698
36 699
37 699
39 698
40 699
44 698
44 699
45 697
45 698
45 699
46 697
48 699
57 699
58 699
59 699
64 698
67 697
67 698
68 699
69 696
70 696
71 697
72 698
73 698
74 697
74 699
75 697
75 698
75 699
76 698
77 699
78 697
78 698
79 697
79 698
80 697
80 699
81 698
81 699
83 699
90 699
91 699
92 699
97 695
98 696
100 698
101 697
101 699
102 698
103 699
104 696
105 696
106 697
106 698
107 698
107 699
108 699
109 698
109 699
110 697
110 698
110 699
111 698
112 698
113 696
113 697
113 698
113 699
114 693
114 694
114 697
114 699
115 698
115 699
116 696
116 697
116 698
116 699
117 695
117 699
118 696
118 697
118 698
118 699
119 696
119 699
120 697
120 699
121 698
122 698
122 699
123 699
124 696
124 697
124 698
125 699
126 696
126 697
126 698
126 699
127 698
127 699
128 695
128 696
129 689
129 690
129 691
129 692
129 693
129 694
129 695
129 697
129 698
129 699
132 689
132 698
132 699
133 690
133 695
133 696
133 697
133 698
134 694
134 699
135 691
135 694
135 695
135 696
135 699
136 694
136 695
136 696
136 697
136 698
136 699
137 694
137 695
137 696
137 697
137 698
137 699
138 699
139 693
139 694
139 695
139 696
139 697
139 698
139 699
140 693
140 694
140 699
141 695
141 696
141 698
141 699
142 694
142 696
142 698
142 699
143 697
143 698
143 699
144 698
144 699
145 698
146 698
147 698
147 699
148 699
149 699
150 698
154 699
160 699
161 698
164 699
165 699
171 698
172 699
173 699
174 699
175 699
176 697
176 699
177 697
177 699
178 697
179 697
179 699
180 698
180 699
181 699
182 696
182 697
182 698
183 695
183 696
183 697
183 698
184 696
184 697
184 699
186 698
186 699
187 696
187 697
187 698
188 699
189 698
189 699
190 696
190 698
191 698
191 699
192 698
193 698
194 699
195 698
196 694
196 696
196 697
196 698
197 694
197 695
197 698
197 699
198 696
198 697
199 693
199 695
200 695
201 696
202 687
202 689
202 690
202 691
202 695
202 696
202 697
203 687
203 692
203 693
203 694
203 695
203 697
203 698
204 688
204 696
204 697
204 699
205 688
205 695
205 696
205 697
206 689
206 690
206 696
206 697
207 689
207 690
207 691
207 692
207 693
207 696
207 697
207 698
207 699
208 689
208 690
208 691
208 692
208 694
208 697
208 698
209 690
209 691
209 695
209 697
209 698
210 691
210 692
210 696
210 698
210 699
211 692
211 693
211 697
211 698
212 694
212 695
212 696
212 697
212 698
213 697
213 699
214 697
214 699
215 696
216 695
216 696
216 697
216 698
216 699
217 696
217 697
217 698
218 696
218 697
218 699
219 696
219 697
219 698
219 699
220 696
220 697
220 698
220 699
221 696
221 697
221 698
221 699
222 697
222 698
222 699
224 694
224 695
224 696
224 697
224 699
225 694
225 699
226 694
226 695
226 696
226 699
227 697
227 698
227 699
228 696
229 697
229 699
230 698
231 699
232 699
233 699
234 697
235 691
235 698
236 692
236 695
236 696
237 693
237 696
237 697
238 698
238 699
239 694
239 698
239 699
240 695
240 696
240 697
240 699
241 697
241 698
241 699
242 695
242 696
242 697
242 699
243 694
243 696
243 698
243 699
244 695
244 696
244 699
245 699
246 696
246 697
246 698
246 699
247 697
247 699
248 698
248 699
250 698
250 699
251 698
252 698
252 699
257 699
258 699
265 699
266 698
267 699
272 699
275 699
276 699
277 699
279 698
280 698
281 699
282 694
282 698
282 699
283 695
283 698
283 699
284 696
284 698
285 697
285 698
285 699
287 698
287 699
288 696
288 697
288 698
288 699
289 696
289 698
290 697
290 699
291 698
292 699
293 699
294 695
294 696
294 698
294 699
295 695
295 696
295 697
295 699
296 695
296 696
296 697
296 699
297 695
297 696
297 697
297 699
298 697
298 698
298 699
299 696
299 697
299 698
299 699
300 697
301 698
302 698
302 699
303 698
303 699
304 698
304 699
305 693
305 694
305 695
305 696
305 697
305 698
305 699
306 697
306 698
306 699
307 693
307 694
307 695
307 696
307 697
307 698
308 693
308 694
308 695
308 697
308 699
309 693
309 697
309 698
309 699
310 693
310 698
311 699
312 695
312 696
312 697
312 698
312 699
313 697
313 698
313 699
314 695
314 696
314 697
315 696
315 697
316 696
316 697
316 698
317 695
318 696
319 697
319 698
322 697
322 698
323 696
323 697
324 696
324 698
325 694
325 695
325 697
325 698
326 688
326 689
326 690
326 691
326 692
326 693
326 697
326 698
326 699
327 688
327 689
327 690
327 692
327 693
327 694
327 697
327 698
327 699
328 689
328 690
328 691
328 692
328 693
328 694
328 695
328 696
328 697
329 699
330 690
330 692
331 691
331 692
331 696
331 697
332 691
332 693
332 696
332 697
333 692
333 693
333 695
333 696
333 698
334 692
334 693
334 695
334 696
334 698
335 692
335 693
335 695
335 696
335 697
335 699
336 691
336 693
337 692
337 693
337 695
337 699
338 692
338 693
338 694
338 696
338 697
339 692
340 693
340 694
341 699
342 696
342 698
343 696
343 698
346 697
347 695
347 696
347 697
347 698
348 695
348 696
348 697
348 699
349 698
349 699
350 695
350 696
350 699
351 697
352 696
352 697
352 698
353 696
353 697
353 699
354 698
354 699
355 687
355 690
355 698
355 699
356 688
356 691
356 692
356 697
356 698
356 699
357 689
357 691
357 698
357 699
358 691
358 693
358 698
359 691
359 694
359 698
360 691
360 695
360 697
360 698
360 699
361 692
361 698
362 692
362 698
363 692
363 695
363 697
363 698
363 699
364 691
364 692
364 694
364 697
364 698
364 699
365 691
365 694
365 696
365 698
365 699
366 692
366 693
366 695
366 697
366 698
366 699
367 692
367 694
367 695
367 696
367 697
367 698
367 699
368 693
368 694
368 696
368 697
368 698
368 699
369 692
369 694
369 695
369 696
369 697
370 693
370 694
370 698
370 699
371 693
371 695
371 696
372 693
372 694
372 695
372 697
373 692
373 695
373 696
373 697
373 698
374 693
374 695
374 696
374 697
374 698
374 699
375 693
375 696
376 693
376 695
376 696
377 692
377 695
377 696
377 697
377 698
377 699
378 693
378 697
378 698
379 694
379 695
379 696
379 697
379 698
380 699
381 694
381 695
381 696
381 697
381 698
381 699
382 699
383 695
383 697
383 698
384 695
832
