84
23741 23737 23751 23752 23753 23754 23768 
4893
57134 57127 57122 57121 57118 57112 57110 57109 57116 57124 57133 57089 57066 57063 57061 57060 57058 57054 57029 57021 56999 56983 56980 56893 56829 56821 56795 56788 56770 56763 56765 56762 56734 56699 56697 56642 56631 56594 56585 56556 56553 56389 56147 56092 56089 56050 56046 56000 55985 55939 55926 55916 55704 55595 55596 55488 55437 55419 55271 55098 55096 55041 55036 55034 55007 55001 54983 54980 54976 54974 54975 54972 54948 54973 55024 54998 54963 54955 54928 54943 54990 54993 54995 55013 55021 54996 54930 54936 54938 54940 54934 54956 54872 54858 54849 54843 54810 54745 54638 54632 54630 54621 54614 54615 54602 54584 54577 81825 81807 81694 81546 81447 81432 81416 81401 81386 81352 81266 81264 81091 81048 81021 84562 84565 84569 84572 84573 84570 84568 84571 84566 84560 84558 84531 84526 84517 84511 84481 84474 84473 84468 84466 84445 84433 84431 84426 84419 84418 84409 84399 84386 84367 84363 84354 84353 84343 84334 84333 84320 84322 84321 84323 84344 84347 84346 84357 84345 84336 84289 84281 84279 84277 84278 84273 84271 84268 84266 84264 84263 84262 84258 84259 84261 29338 29339 29349 29356 29353 29344 29345 29358 29359 29369 29366 29311 29295 29290 29296 29299 29302 29281 29274 29272 60734 60723 60716 60715 60713 60707 60704 60682 60680 60679 60646 60650 60654 60651 60603 60598 60613 60614 60615 60605 60591 60589 60581 60583 60577 60578 60545 60543 60540 60556 60555 60554 60551 60524 60504 60468 60445 60443 60456 60437 60424 60414 60413 60412 60408 25412 25409 25410 25407 25399 25372 25354 25302 25272 25259 25257 25232 25221 25218 25191 25180 25178 25184 25194 25193 25185 25186 25144 25114 25087 25057 25056 25054 25053 25034 25032 25033 25024 25013 24987 24972 24970 24959 24944 24906 24824 24803 24804 24789 24737 24710 24686 24665 24664 24643 24627 24615 24614 24610 24535 24528 24481 24421 24411 24412 24410 24408 24396 24382 24375 24371 24351 24345 24343 24342 24295 22138 22129 22134 22131 22132 22133 22130 22104 22090 22096 22097 22092 22085 22075 22076 22077 22068 22043 22034 22035 22036 22019 21999 21969 21959 21951 21931 21902 21853 21836 21856 21858 21843 21777 21698 21675 21555 21513 21487 21492 21480 21470 21451 21437 21397 21385 21371 21367 21357 21355 21338 21328 21327 21247 21186 86912 86911 86866 86791 86774 86771 86769 86725 86719 86709 86708 86674 86652 86651 86617 86604 86547 86512 86470 86468 86462 86452 86437 86442 86451 86449 86413 86423 86400 86162 86137 86141 86133 86104 86100 86099 86097 86096 86057 86049 86038 86033 86007 85995 85988 85980 85905 85904 85903 85934 85933 85897 85864 85791 85790 85771 85742 85746 85725 85711 85698 85697 85696 85690 40473 40472 40468 40464 40436 40434 40408 40370 40366 40351 40338 40279 40218 40196 40176 40172 40089 40085 40087 40086 40084 40120 40138 40140 40139 40136 40123 40065 40064 40062 40059 40017 40022 39991 39970 39938 39927 39872 39866 39852 39844 39847 39842 39846 39791 39812 39718 39708 39714 39709 39713 39691 39693 39692 39694 39695 39701 39705 39723 39716 39712 39719 39711 39710 39703 39640 39617 39614 39615 39613 39576 39561 39548 39529 39383 39379 39365 39358 39357 39345 39242 39237 39239 39240 39247 39245 39243 39220 39206 39198 39199 39181 39151 39136 39118 39102 39096 39088 39081 39074 39065 39064 39026 39019 39008 38997 38996 38985 38925 38922 38923 38909 38910 57721 57713 57698 57686 57680 57659 57636 57635 57631 57633 57614 57607 57605 57604 57603 57573 57540 57542 57512 57507 57488 57479 57480 57478 57477 57466 57463 57462 57451 57354 57349 57341 57337 57336 57332 57268 57262 57249 57248 57226 57223 57208 57201 57200 57198 57183 57182 57184 
5
73514 73540 73550 73548 73547 73553 73560 73532 73535 73538 
1053
57615 57636 57635 57631 57633 57632 57634 57630 57652 57662 57661 57678 57705 57704 57703 57699 57700 57697 57722 57650 57716 57714 57616 57613 57617 57612 57620 57621 57623 57629 57643 57660 57665 57670 57671 57668 57647 57645 57644 57693 57723 57690 57730 57728 57767 57770 57771 57778 57783 57797 57796 57795 57812 57811 57810 57809 57808 57793 57787 57804 57815 57819 57823 57801 57782 57786 57788 57790 57789 57769 57758 57748 57732 57744 57731 57743 57725 57677 57666 57667 57689 57663 57646 57648 
166
9351 9381 9384 9395 9408 9430 9464 9488 9489 9490 9491 9481 9443 9456 9472 9538 9572 9576 9574 9599 9639 9633 9630 9662 9680 9716 9739 9782 9823 9840 9846 9944 9970 9983 10001 10004 10063 10102 10156 10162 10181 10180 10188 10190 10177 10174 10173 10186 10185 10197 10195 10196 10194 10204 10210 10208 10207 10264 10266 10249 10201 10168 10150 10160 10166 10193 10143 10151 10147 10146 10093 10085 10090 10091 10106 10109 10115 10022 10017 9992 9924 9892 9795 9773 9650 9663 9597 9661 9561 9480 9450 
346
39214 39227 39237 39242 39285 39317 39306 39307 39318 39320 39312 39309 39290 39288 39282 39272 39244 39238 39228 39236 39219 39211 39202 39200 39193 39233 39241 39234 39223 39224 
115
85619 85618 85617 85616 85615 85612 85604 85599 85596 85583 85582 85623 85628 85653 
107
78963 78989 78991 78982 78980 78990 79000 79003 79008 79012 79022 79029 79047 
35
86199 86207 86209 86222 86221 86219 86204 86206 
41
78679 78685 78690 78703 78708 78709 78719 78727 78728 78715 
214
86624 86637 86642 86641 86653 86655 86668 86683 86699 86713 86702 86639 86643 86651 86617 86604 86607 86606 86602 86598 86592 86600 86661 86614 86615 86645 86663 86667 86665 
499
14356 14443 14436 14437 14487 14453 14463 14455 14452 14464 14465 14519 14545 14551 14480 14477 14473 14638 14682 14694 14777 14781 14837 14872 14870 14873 14874 14877 14876 14875 14869 14859 14864 14866 14846 14847 14856 14858 14863 14857 14830 14804 14787 14769 14768 14785 14831 14832 14829 14825 14761 14739 14732 14722 14720 14710 14711 14687 14685 14673 14600 14489 14461 14421 
193
18805 18804 18817 18815 18793 18787 18785 18778 18671 18662 18660 18659 18658 18649 18646 18695 18714 18713 18712 18726 18729 18734 18733 18728 18818 18840 
162
51999 51993 51996 52095 52079 52233 52237 52255 52132 52129 52149 52146 52305 52274 52243 52263 52240 52303 52297 52247 52268 52246 52072 52070 52026 52025 52021 
493
50818 50785 50784 50788 50800 50804 50799 50789 50852 50891 50889 50750 50774 50757 50699 50700 50679 50577 50573 50555 50518 50540 50514 50494 50470 50483 50476 50473 50626 50627 50625 50541 50546 50564 50586 50732 50873 50866 50853 50845 50842 50829 50711 50707 50729 50735 50753 50760 50759 50592 50588 50613 50682 50801 50756 50730 50712 50547 50560 50572 50422 50362 50301 50305 50350 50298 50307 50300 50410 50602 50538 50539 50827 50485 50479 50484 50807 50843 50841 
246
19141 19267 19144 19150 19152 19155 19148 19180 19161 19154 19151 19147 19143 19145 19158 19157 19174 19173 19170 19156 19172 19184 19182 19114 19083 19103 19131 19133 19137 19199 19213 
8
33509 33535 33539 33540 33541 33542 33559 33558 33567 33571 33573 33579 33580 33592 33546 
14
15025 15031 15042 15044 15045 15047 
437
84754 84753 84755 84756 84750 84715 84714 84706 84699 84694 84689 84684 84678 84740 84770 84785 84830 84829 84826 84813 84812 84814 84850 
819
73732 73783 73782 73778 73776 73721 73720 73775 73764 73785 73870 73924 73927 73936 73948 73937 73989 74048 74049 74050 74113 74058 74059 74064 74132 74169 74171 74322 74336 74541 74604 74611 74695 74703 74820 74850 74849 74835 74809 74764 74755 74736 74733 74642 74428 74430 74398 74429 74424 74374 74329 74327 74324 74314 74291 74278 74253 74262 74270 74302 74298 74293 74294 74245 74263 74267 74282 74287 74296 74299 74311 74313 74366 74380 74390 74397 74396 74386 74524 74586 74589 74596 74601 74605 74603 74590 74579 74221 74184 73886 73847 73828 73751 73761 73772 
856
50912 50972 50991 50975 50951 50917 50888 50882 50930 50955 51032 51033 51028 51029 51022 51019 51050 50816 50813 51113 51115 51099 51085 51079 51009 51010 50993 50983 50978 50960 50959 50950 50890 50880 50876 50898 50900 50973 50970 50884 50740 50742 50739 50715 50697 50664 50584 50585 50429 50428 50474 50459 50461 50432 50642 50606 50601 50549 50467 50466 50370 50311 50007 49962 49866 49749 49744 49743 49699 49674 49732 49799 49802 49953 49995 49999 50054 50058 50068 50063 50084 50093 50094 50101 50078 50050 49997 49979 49888 49833 49827 49838 49841 49789 49754 49834 49920 49921 50148 50712 50730 50756 50801 50682 50613 50588 50592 50759 50760 50753 50735 50729 50707 50711 50829 50842 50845 50853 50866 50873 50899 50933 50971 51060 51074 51061 51057 51030 51135 51056 51053 51058 51064 51067 51090 51042 51046 51015 50981 50996 50968 50987 50956 
43
1931 1940 1955 1968 1967 1969 1966 
58
17049 17060 17059 17065 17071 17070 17072 17079 17084 17086 17107 17106 17121 17120 17115 17118 17119 17140 
367
37047 37048 37031 37030 37025 37026 37028 37027 37067 37080 37079 37077 37091 37112 37113 37053 37052 36988 36975 36976 36967 36945 36947 36949 36951 36948 36953 36962 36963 36964 36960 36956 36952 36944 36972 36974 36978 36981 36942 36938 36936 36931 36921 36911 36926 36992 37037 37040 37081 37087 37093 
803
26436 26405 26406 26410 26411 26412 26413 26416 26447 26446 26442 26444 26443 26437 26440 26439 26441 26434 26435 26417 26415 26414 26418 26468 26596 26644 26674 26722 26716 26677 26666 26578 26581 26603 26588 26589 26590 26592 26593 26609 26616 26623 26620 26624 26622 26621 26627 26629 26625 26618 26615 26611 26613 26614 26632 26634 26573 26515 26499 26497 
183
38346 38357 38345 38320 38321 38319 38338 38402 38421 38424 38422 38413 38408 38395 38409 38432 38459 38462 38475 38467 38403 
90
13404 13403 13365 13352 13343 13303 13288 13289 13293 13261 13263 13274 13321 13328 13330 13340 13371 13380 13376 13462 13467 13486 13476 13484 13480 13450 13447 
16
80013 80028 80037 80047 
451
36541 36538 36535 36530 36531 36522 36571 36613 36604 36606 36605 36617 36596 36597 36525 36518 36517 36497 36481 36482 36486 36485 36479 36448 36455 36487 36493 36501 36510 36504 36499 36491 36498 36507 36511 36515 36528 36529 36542 36543 36568 36569 36581 36598 
57
34611 34613 34641 34645 34644 34643 34665 34698 34723 34756 34741 34728 34711 34702 34687 34668 34663 
223
79750 79751 79749 79729 79732 79735 79736 79730 79743 79754 79806 79859 79861 79892 79898 79933 79920 79897 79917 79907 79905 79895 79884 79883 79872 79864 79875 79867 79866 79873 79874 79882 79887 79849 79831 79827 79828 79820 79808 79797 79794 
7
46671 46672 46677 46679 46690 46696 46720 
5
78216 78218 78227 
9
36537 36545 36554 36557 
174
65681 65677 65603 65551 65543 65369 65207 65234 65414 65452 65465 65590 65597 65589 65586 65580 65519 65524 65459 65479 65458 65499 65593 65595 65632 65693 65697 
6
84516 84520 
2
60551 60554 
64
52006 52052 52057 52058 52061 52098 52108 52100 52101 52084 52090 52091 52088 52082 
13
9488 9526 9525 9528 9529 9527 9520 9521 9518 9572 9576 9574 
51
10432 10454 10453 10457 10459 10467 10462 10463 10464 10403 10401 10407 10465 10477 10476 10473 10466 10478 10469 10484 10525 10529 10528 10526 10522 10520 10519 10518 
182
42108 42112 42122 42131 42139 42140 42143 42151 42165 42166 42194 
1101
27625 27624 27639 27656 27666 27669 27670 27673 27709 27703 27704 27689 27658 27657 27655 27654 27653 27646 27647 27665 27664 27662 27672 27698 27694 27684 27682 27618 27619 27597 27603 27599 27604 27601 27600 27650 27649 27651 27648 27641 27644 27643 27612 27528 27526 27532 27533 27534 27543 27542 27538 27518 27505 27501 27502 27589 27593 27609 27611 27635 27634 27652 27681 27680 27677 27696 27697 27691 27711 
357
1065 1020 967 1048 1058 1066 1022 1017 1013 1014 1010 1007 1008 1006 1027 1054 1063 1070 1073 1077 1075 1074 1076 1036 1059 1078 1072 1047 1046 1071 1087 1091 1113 1114 1115 
72
18455 18444 18467 18464 18431 18414 18443 18447 18450 18463 18460 
355
63101 63118 63122 63130 63129 63132 63134 63144 63163 63121 63119 63138 63140 63150 63152 63211 63222 63221 63226 63225 63229 63188 63186 63169 63168 
480
55968 55951 55948 55940 55928 55743 55767 55728 55714 55700 55670 55615 55559 55538 55533 55525 55523 55522 55520 55495 55532 55512 55521 55485 55336 55332 55287 55286 55277 55268 55254 55278 55264 55290 55340 55567 55633 55634 55576 55612 55595 55444 55437 55419 55581 55674 55681 55694 55677 55669 55712 55716 55717 55707 55549 55526 55897 55966 55973 56012 56027 56140 56167 56169 56162 56075 56051 56076 56096 56072 56070 56063 56062 55998 55978 55975 
307
32476 32459 32442 32439 32406 32407 32415 32420 32443 32427 32431 32435 32436 32437 32438 32441 32453 32479 32520 32522 32536 32541 32542 32547 32540 32498 
124
73231 73240 73246 73317 73405 73413 73489 73573 73636 73638 73642 73667 73670 73652 73664 73654 73662 73649 73617 73602 73586 73570 73537 73527 73542 73529 73493 73463 73429 73422 73402 73387 73380 73348 73352 73354 73357 73298 73299 73275 73233 73185 73198 73205 73224 73225 73236 
9
27916 27923 27924 27941 27962 27988 28017 28014 
109
47069 47088 47121 47123 47140 47142 47143 47138 47144 47150 47149 47147 47153 47163 47161 47160 47155 47166 47162 47152 47135 47134 47117 47137 47124 47130 47126 47118 47110 
30
66193 66227 66224 66143 66142 66126 66141 66217 
778
71023 71019 71005 71004 70997 70976 70953 70942 70940 70932 70911 70817 70788 70796 70792 70762 70742 70709 70708 70714 70836 70838 70816 70803 70636 70599 70502 70469 70579 70566 70569 70582 70576 70590 70556 70552 70534 70533 70532 70529 70587 70591 70584 70509 70475 70453 70401 70484 70500 70495 70511 70465 70466 70445 70447 70439 70433 70426 70474 70471 70483 70503 70518 70514 70455 70523 70521 70570 70575 70581 70585 70559 70557 70555 70536 70538 70540 70542 70586 70641 70693 70694 70677 70627 70667 70671 70703 70730 70736 70750 70738 70704 70675 70662 70676 70681 70669 70661 70672 70657 70654 70646 70660 70668 70977 70998 71027 71030 71056 71060 71059 71058 71087 
52
65321 65313 65314 65304 65346 65390 65434 65370 
66
38415 38453 38455 38464 38457 38458 38475 
433
64092 64106 64154 64161 64163 64177 64203 64205 64232 64234 64235 64276 64296 64304 64307 64310 64302 64298 64272 64277 64268 64168 64291 64314 64343 64366 64371 64388 64411 64379 64438 64479 64368 64502 64315 64285 64283 64289 64270 64269 64265 64264 64180 64179 64156 64141 64140 64112 
244
7500 7498 7523 7528 7531 7538 7542 7554 7549 7550 7544 7539 7485 7468 7454 7453 7435 7452 7507 7506 7512 7518 7520 7519 7517 
817
49970 50149 49889 49934 50017 50019 50059 50286 50329 50344 50376 50393 50395 50397 50398 50420 50463 50471 50453 50371 50338 50346 50275 50279 50314 50324 50340 50345 50383 50203 50181 50173 50174 50105 50219 50218 50281 50291 50292 50294 50331 50434 50457 50488 50493 50629 50662 50669 50647 50725 50740 50742 50739 50715 50697 50664 50584 50585 50429 50428 50474 50502 50587 50636 50645 50642 50606 50601 50549 50467 50466 50370 50311 50007 49962 49866 49749 49744 49743 49699 49674 49732 49799 49802 49953 49995 49999 50054 50058 50068 50063 50084 50093 50094 50101 50078 50050 49997 49979 49888 49833 49827 49838 49841 49789 49754 49742 49705 49684 49553 49522 49519 49518 49516 49515 49513 49700 49915 49928 49980 49975 49903 49908 49935 49936 49942 49964 49968 49963 49870 49868 49916 49929 49820 49853 50178 50213 50253 50254 50255 50247 50283 50242 50172 50123 50114 50120 50132 50137 50276 50353 50372 50368 50308 50288 50306 50287 50274 50271 50270 50267 50256 50230 50225 50190 50186 50129 50111 50097 50066 50062 
271
5554 5566 5574 5597 5563 5551 5600 5683 5748 5729 5803 6026 5993 5969 5928 5914 5901 5895 5902 5904 5911 5905 5906 5907 5908 5835 5818 5790 5764 5765 5766 5760 5717 5714 5651 5658 5667 5730 5731 5732 5733 5684 5670 5606 5604 5621 
369
4122 4149 4151 4152 4166 4173 4201 4192 4224 4218 4190 4194 4217 4219 4220 4221 4229 4230 4231 4237 4225 4223 4215 
680
57734 57704 57703 57699 57700 57697 57722 57650 57716 57714 57616 57613 57617 57612 57620 57621 57623 57629 57643 57660 57665 57670 57671 57668 57647 57645 57644 57693 57723 57690 57730 57728 57767 57770 57771 57778 57783 57797 57796 57795 57812 57811 57810 57794 57762 57761 57746 
813
28939 28922 28880 28838 28840 28839 28797 28762 28687 28685 28684 28659 28660 28667 28818 28844 28834 28823 28820 28815 28811 28806 28786 28783 28778 28780 28781 28782 28784 28777 28785 28895 28893 28894 28882 28872 28881 28990 28988 28996 28995 28994 28993 28985 28984 28983 28982 28980 28978 28987 29011 29014 29012 29005 29006 29007 28959 28945 
151
31216 31229 31226 31215 31211 31201 31195 31184 31185 31182 31178 31179 31176 31210 31260 31267 31273 31274 31275 31281 31292 31301 31302 
72
73493 73463 73429 73390 73446 73483 73551 73524 73481 73443 73444 73588 73609 73606 73549 73567 73603 73643 73655 73569 73561 73563 73559 73534 73525 73518 73528 73521 73515 
27
61129 61139 61142 61144 61133 61103 61091 61088 61109 61130 61145 61148 
370
26400 26418 26414 26415 26417 26435 26434 26441 26439 26440 26437 26443 26444 26442 26446 26447 26416 26413 26412 26411 26410 
505
49298 49293 49310 49380 49462 49514 49526 49627 49540 49541 49596 49592 49588 49595 49594 49626 49465 49432 49424 49470 49503 49518 49516 49515 49513 49578 49656 49688 49718 49734 49745 49831 49891 49847 49868 49870 49916 49929 49820 49853 50178 50213 50253 50254 50255 50247 50283 50242 50172 50123 50114 50120 50132 50137 50276 50353 50372 50368 50308 50288 50306 50287 50274 50271 50270 50267 50256 50230 50225 50190 50186 50141 50071 50011 50008 49989 49988 49987 49952 49828 49941 50090 50006 50033 49951 49918 49971 49900 49817 49811 49509 49391 49389 
74
5619 5664 5698 5697 5715 5713 5720 5724 5727 5728 5723 5725 5744 5761 5772 5762 5752 5753 5754 5755 5742 5736 5711 5708 5673 5672 5675 5676 5659 5656 5648 5646 
407
63110 63112 63114 63143 63136 63137 63128 63130 63131 63134 63144 63163 63121 63119 63138 63140 63150 63152 63211 63222 63221 63226 63225 63229 63188 63172 63162 63147 
120
87360 87361 87365 87375 87378 87385 87386 87405 87387 87383 
483
10726 10712 10538 10543 10596 10589 10565 10562 10561 10590 10592 10595 10682 10879 10748 10637 10661 10672 10659 10648 10660 10691 10670 10800 10859 10875 10769 10767 10666 10843 10845 10844 10835 10815 
278
2485 2484 2486 2501 2515 2548 2582 2618 2619 2617 2620 2621 2616 2613 2609 2598 2591 2564 2556 2553 2550 2538 2525 2527 2529 2528 2521 2513 2512 2507 2506 
20
43424 43425 43427 43428 43429 43430 
154
40092 40091 40122 40118 40132 40133 40169 40183 40200 40195 40190 
7677
79290 79286 79283 79284 79280 79275 79273 1707 1717 1716 1706 79288 79285 1705 1719 1721 1724 1733 1734 1731 1729 1718 1711 79289 1710 1715 1723 1726 47800 47799 47797 47798 47807 47808 47810 47809 47796 47789 47790 47792 47791 47786 47787 47813 47805 47781 47769 47777 12794 12784 12780 12769 12751 12733 12724 12723 12722 12721 12719 12718 12717 12716 12713 12710 12709 12725 12699 12703 12697 12695 12675 12671 12663 12655 12654 12652 12641 12646 12645 12644 12643 12642 12647 12649 12648 12634 12624 12621 12611 12623 12620 12619 12618 12617 12628 12631 12633 28544 28546 28563 28562 28531 28530 28540 28537 28548 28547 28545 28551 28552 28588 28628 28632 28647 28648 28651 28652 28655 28654 28653 28656 28657 28658 28660 28667 28818 28844 28834 28823 28820 28815 28811 28806 28786 28783 28778 28780 28775 28764 28634 28629 28586 28583 28543 28542 28525 28521 28523 28524 28522 28515 28505 28504 28507 28503 28506 28509 28513 28512 28514 28516 28502 28472 28469 28468 28433 28417 28408 28407 28403 28373 28349 28348 28339 28331 28330 28345 28343 28337 28336 28338 28340 28342 28341 28344 28326 28304 28281 28280 28277 28275 28257 28252 28253 28254 28219 28216 28211 28183 28180 28159 28142 28140 28122 28119 28120 28121 42635 42636 42637 42638 42639 42640 42645 42650 42678 42676 42646 42631 42634 42680 42684 42687 42688 42690 42698 42694 42702 42740 42749 42758 42763 42796 42804 42829 42891 42915 42957 42959 42987 43015 43016 43028 43027 43033 43062 43058 43040 43038 43041 43043 43045 43051 43072 43049 43047 43025 43024 43020 43021 43017 43007 43004 42989 42983 42980 42978 42968 42977 42984 42982 42971 42970 42969 42964 42949 42950 42943 42929 42927 42948 42918 42913 42905 42906 42907 23651 23654 23641 23639 23635 23636 23633 23626 23623 23622 23616 23609 23601 23586 23598 23599 23600 23582 23575 23574 23566 23553 23554 23547 23532 23527 23504 23502 23501 23499 23486 23483 23484 23485 23477 23476 23452 23447 23446 23436 23426 23427 23428 23424 23423 23406 23404 23401 23372 23349 23348 23346 23317 23315 23312 25343 25342 25341 25346 25351 25352 25330 25315 25303 25296 25293 25286 25284 25274 25251 25219 25211 25209 25203 25201 25198 25197 25181 25166 25161 25156 25152 25153 25154 25148 25149 25150 25151 25145 25144 25143 25142 25141 25139 25138 25132 25131 25130 25126 25116 25113 25109 25108 25103 25084 25081 25043 25076 25079 59990 59983 59969 59960 59947 59964 59963 59996 60048 60053 60052 60051 60047 60039 60028 60024 60021 60022 59997 59948 59953 59954 59955 59940 59903 59902 59901 59900 59898 59868 59806 59735 59738 59727 59710 59697 59619 59596 59600 59610 59639 59579 59575 59586 59591 59597 59603 59598 59588 59595 59599 59612 59611 59609 59616 59617 59618 59587 59571 59556 59519 59485 59477 59413 59405 59357 59332 59268 59264 59265 59261 59259 59253 59252 59251 59238 59232 59229 59168 59155 59114 59112 59111 59109 59094 59092 59073 58926 58871 58721 58619 58611 58584 58568 58558 58541 58497 58484 58339 58334 58336 58325 58326 58327 58337 58302 58300 58293 58294 58292 58278 58287 58288 58286 58284 58279 58263 58258 58268 58276 58266 58264 58265 58235 58157 58146 58143 58142 58149 58154 58144 58119 58107 58108 58103 58091 58084 58048 58044 58054 58076 58066 58039 58036 58035 58034 58033 58027 58020 58019 58016 58015 63648 63650 63643 63630 63622 63618 63612 63609 63605 63597 63607 63604 63603 63601 63595 63594 63585 63591 63590 63586 63584 63583 63579 63587 63588 63589 63581 63567 63565 51986 51967 51959 51951 51887 51878 51661 51649 51629 51562 51546 51521 51514 51512 51471 51479 51480 51221 51218 51112 51065 51044 51037 51020 50991 50972 50975 50951 51031 51023 50917 50888 51026 51027 51032 51033 51028 51029 51022 51019 51050 50816 50813 51113 51115 51099 51085 51079 51009 51010 50993 50983 50978 50960 50959 50950 50890 50880 50876 50898 50900 50973 50970 50884 50740 50742 50739 50715 50697 50664 50584 50585 50826 50821 50892 50895 50834 50836 50833 50822 50820 50819 50790 50771 50763 50640 50636 50645 50642 50606 50601 50549 50467 50466 50370 50311 50007 50010 50036 49993 49973 49937 49818 49617 49610 49566 49525 49527 49575 49574 49699 49674 49732 49799 49802 49953 49995 49999 50054 50058 50068 50063 50084 50093 50094 50101 50078 50050 49997 49979 49888 49833 49827 49838 49841 49789 49754 49742 49705 49684 49553 49522 49519 49518 49516 49515 49513 49700 49915 49928 49980 49975 49903 49908 49935 49936 49912 49891 49831 49745 49765 49702 49710 49706 49701 49636 49544 49421 49417 49427 49236 49223 49219 49155 49193 49154 49138 49135 49137 49150 49156 49158 49157 49167 49182 49187 49200 49195 49197 49194 49124 49109 49095 49036 49022 79516 79512 79491 79490 79508 79510 79507 79502 79477 79480 79485 79458 79457 79456 79467 79469 79471 79473 79472 79474 79466 79465 79396 79380 79385 79439 79433 79417 79428 79407 79401 79382 79376 79371 79365 79364 
5
34251 34252 34254 34260 
8128
45963 45967 45964 45961 45959 45956 45952 45942 45943 1728 1725 1709 79290 79286 79283 79284 79280 79275 79273 1707 1717 1716 1706 79288 79285 1705 1719 1721 1724 1733 1734 1731 1729 1718 1711 79289 1710 1715 1723 1726 47800 47799 47797 47798 47807 47808 47810 47809 47796 47789 47790 47792 47791 47786 47787 47813 47805 47781 47769 47777 12794 12784 12780 12769 12751 12733 12724 12723 12722 12721 12719 12718 12717 12716 12713 12710 12709 12725 12699 12703 12697 12695 12675 12671 12663 12655 12654 12652 12641 12646 12645 12644 12643 12642 12647 12649 12648 12634 12624 12621 12611 12623 12620 12619 12618 12617 12628 12631 12633 28544 28546 28563 28562 28531 28530 28540 28537 28548 28547 28545 28551 28552 28588 28628 28632 28647 28648 28651 28652 28655 28654 28653 28656 28657 28658 28660 28667 28818 28844 28834 28823 28820 28815 28811 28806 28786 28783 28778 28780 28775 28764 28634 28629 28586 28583 28543 28542 28525 28521 28523 28524 28522 28515 28505 28504 28507 28503 28506 28509 28513 28512 28514 28516 28502 28472 28469 28468 28433 28417 28408 28407 28403 28373 28349 28348 28339 28331 28330 28345 28343 28337 28336 28338 28340 28342 28341 28344 28326 28304 28281 28280 28277 28275 28257 28252 28253 28254 28219 28216 28211 28183 28180 28159 28142 28140 28122 28119 28120 28121 42635 42636 42637 42638 42639 42640 42645 42650 42678 42676 42646 42631 42634 42680 42684 42687 42688 42690 42698 42694 42702 42740 42749 42758 42763 42796 42804 42829 42891 42915 42957 42959 42987 43015 43016 43028 43027 43033 43062 43058 43040 43038 43041 43043 43045 43051 43072 43049 43047 43025 43024 43020 43021 43017 43007 43004 42989 42983 42980 42978 42968 42977 42984 42982 42971 42970 42969 42964 42949 42950 42943 42929 42927 42948 42918 42913 42905 42906 42907 23651 23654 23641 23639 23635 23636 23633 23626 23623 23622 23616 23609 23601 23586 23598 23599 23600 23582 23575 23574 23566 23553 23554 23547 23532 23527 23504 23502 23501 23499 23486 23483 23484 23485 23477 23476 23452 23447 23446 23436 23426 23427 23428 23424 23423 23406 23404 23401 23372 23349 23348 23346 23317 23315 23312 25343 25342 25341 25346 25351 25352 25330 25315 25303 25296 25293 25286 25284 25274 25251 25219 25211 25209 25203 25201 25198 25197 25181 25166 25161 25156 25152 25153 25154 25148 25149 25150 25151 25145 25144 25143 25142 25141 25139 25138 25132 25131 25130 25126 25116 25113 25109 25108 25103 25084 25081 25043 25076 25079 59990 59983 59969 59960 59947 59964 59963 59996 60048 60053 60052 60051 60047 60039 60028 60024 60021 60022 59997 59948 59953 59954 59955 59940 59903 59902 59901 59900 59898 59868 59806 59735 59738 59727 59710 59697 59619 59596 59600 59610 59639 59579 59575 59586 59591 59597 59603 59598 59588 59595 59599 59612 59611 59609 59616 59617 59618 59587 59571 59556 59519 59485 59477 59413 59405 59357 59332 59268 59264 59265 59261 59259 59253 59252 59251 59238 59232 59229 59168 59155 59114 59112 59111 59109 59094 59092 59073 58926 58871 58721 58619 58611 58584 58568 58558 58541 58497 58484 58339 58334 58336 58325 58326 58327 58337 58302 58300 58293 58294 58292 58278 58287 58288 58286 58284 58279 58263 58258 58268 58276 58266 58264 58265 58235 58157 58146 58143 58142 58149 58154 58144 58119 58107 58108 58103 58091 58084 58048 58044 58054 58076 58066 58039 58036 58035 58034 58033 58027 58020 58019 58016 58015 63648 63650 63643 63630 63622 63618 63612 63609 63605 63597 63607 63604 63603 63601 63595 63594 63585 63591 63590 63586 63584 63583 63579 63587 63588 63589 63581 63567 63565 51986 51967 51959 51951 51887 51878 51661 51649 51629 51562 51546 51521 51514 51512 51471 51479 51480 51221 51218 51112 51065 51044 51037 51020 50991 50972 50975 50951 51031 51023 50917 50888 51026 51027 51032 51033 51028 51029 51022 51019 51050 50816 50813 51113 51115 51099 51085 51079 51009 51010 50993 50983 50978 50960 50959 50950 50890 50880 50876 50898 50900 50973 50970 50884 50740 50742 50739 50715 50697 50664 50584 50585 50826 50821 50892 50895 50834 50836 50833 50822 50820 50819 50790 50771 50763 50640 50636 50645 50642 50606 50601 50549 50467 50466 50370 50311 50007 50010 50036 49993 49973 49937 49818 49617 49610 49566 49525 49527 49575 49574 49699 49674 49732 49799 49802 49953 49995 49999 50054 50058 50068 50063 50084 50093 50094 50101 50078 50050 49997 49979 49888 49833 49827 49838 49841 49789 49754 49742 49705 49684 49553 49522 49519 49518 49516 49515 49513 49700 49915 49928 49980 49975 49903 49908 49935 49936 49912 49891 49831 49745 49765 49702 49710 49706 49701 49636 49544 49421 49417 49427 49236 49223 49219 49155 49193 49154 49138 49135 49137 49150 49156 49158 49157 49167 49182 49187 49200 49195 49197 49194 49124 49109 49095 49036 49022 79516 79512 79491 79490 79508 79510 79507 79502 79477 79480 79485 79458 79457 79456 79467 79469 79471 79473 79472 79474 79466 79465 79396 79380 79385 79439 79433 79417 79428 79436 79438 79437 79424 79429 79431 46034 46035 46036 46037 46038 46040 46039 46042 46044 46043 46041 46032 46030 46029 46028 
11
14801 14800 14803 14805 14810 14813 14822 14826 14846 14848 
126
62236 62206 62208 62209 62207 62214 62215 62297 62295 62291 
267
16970 17010 17033 17074 17112 17114 17109 17110 17111 17113 17108 17089 17090 17081 17077 17071 17065 17047 17037 17031 17013 17016 17019 17023 17022 17008 17007 
31
83569 83564 83567 83583 83587 83591 83600 83603 83605 83608 
499
81847 81798 81791 81789 81785 81776 81775 81778 81762 81760 81717 81706 81733 81660 81576 81573 81473 81564 81692 81694 81546 81447 81432 81416 81415 81402 81413 81438 81437 81472 81487 81491 81489 81598 81609 81591 81615 81623 81626 81645 81661 81671 81746 81742 81740 81754 81755 81758 81771 81779 81829 81871 81885 81901 81918 70006 70011 70005 70003 81910 81906 81893 81879 81875 81870 81878 81877 
278
71700 71684 71677 71689 71798 71789 71685 71676 71670 71655 71653 71669 71678 71645 71594 71593 71573 71582 71668 71715 71847 71835 71898 17198 17203 17199 71895 71883 71865 71860 71838 71834 71812 71819 71803 71767 71728 71744 71766 71773 71859 71870 71805 71796 
319
26765 26775 26789 26794 26837 26834 26832 26838 26856 26864 26868 26866 26870 26938 26966 26962 26970 26965 26963 26964 26816 26817 26824 26855 26854 26845 26842 
151
1042 1021 935 951 956 933 930 929 1006 1008 1007 1010 1014 1026 1133 
48
38219 38220 38241 38233 38251 38215 38197 38195 38190 38168 38158 38127 38254 38253 38252 38250 38282 38281 38284 
242
77066 76997 76939 76937 76949 76956 76957 76968 76963 76985 76971 76987 77018 77142 77139 77151 77137 77165 77155 77134 
375
52178 52215 52195 52124 52034 51958 51956 51953 51903 51888 51898 51926 51954 52188 52234 52225 52120 52139 52145 52158 52143 52148 52166 52165 52189 52186 52182 52183 52179 52194 52312 52323 52311 52307 52306 52317 52313 52304 52302 52288 52276 52319 52395 52405 52407 52409 52408 52411 52406 52383 52293 52292 52280 52262 52256 52251 52283 52300 52295 52279 52333 52282 52250 52229 52230 52210 52217 52257 52218 52220 52219 52159 52184 
33
189 210 211 222 234 
761
66320 66368 66406 66412 66517 66576 66561 66520 66362 66346 66336 66286 66237 66148 66081 66031 65972 65923 65952 65951 65961 65985 65993 66024 66010 66057 66047 66056 66055 66052 66039 66054 66036 66037 66017 66023 66020 65989 66009 66014 66021 66016 66074 66075 66114 66120 66130 66193 66227 66224 66143 66142 66166 66241 66266 66279 66283 66291 66488 66449 66641 66662 66686 66690 66736 66892 66866 66545 66505 66443 66523 66587 66573 66591 66622 66679 66821 66905 66682 66681 66772 66705 66873 67093 66891 66883 66865 66800 66816 66829 66847 66846 66832 66639 66584 66555 66535 66531 66479 66439 66430 66422 66440 66417 66400 66399 66325 66187 66164 66195 66192 66277 66397 66435 66448 66494 66502 66549 66500 66498 66468 66389 66371 66373 66297 66282 66300 66358 66363 
9
9949 9961 9997 10030 
36
44118 44117 44116 44115 44114 44113 44122 44124 
133
67299 67319 67323 67318 67331 67296 67303 67337 67336 67366 32996 33013 32995 67325 67308 
23
29956 29932 29933 29955 29975 
864
64391 64528 64592 64598 64599 64600 64597 64603 64611 64647 64688 64695 64697 64712 64707 64718 64742 64901 64964 64973 65042 65111 65126 65104 65128 65213 65243 65304 65346 65332 65321 65405 65365 65371 65541 65542 65540 65535 65443 65462 65528 65518 65517 65334 65323 65299 65288 65260 65272 65247 65164 65170 65105 65101 64994 64998 64960 64953 64938 64894 64849 64825 64720 64667 64555 64510 64502 64315 64285 64283 64289 64270 64269 64265 64264 64180 64179 64156 64141 64140 64112 64119 64139 64142 64115 64129 64148 64162 64190 64226 64236 64279 64293 64421 64445 64470 64489 64492 64469 64439 64429 64403 64365 64356 64332 64335 64338 64330 64367 64454 64453 64435 64417 64374 64383 64329 64325 64324 64317 64309 64303 64313 64318 64337 64419 64413 64444 
96
81704 81695 81703 81702 81701 81685 81686 81662 81668 81664 81673 81687 81710 81718 81774 81729 81753 81800 81761 
57
71966 71965 71971 71972 71975 71997 
59
21355 21357 21367 21371 21385 21397 21437 21451 21449 21434 
522
61182 61169 61170 61168 61167 61162 61163 61160 61159 61161 61157 61179 61181 61158 61144 61133 61103 61091 61088 61109 61130 61145 61148 61152 61187 61189 61197 61198 61204 61195 61111 61115 61209 61210 61211 61213 61217 61219 61212 61216 61231 61314 61315 61326 61335 61353 61369 61382 61392 61394 61400 61405 61399 61404 61411 61412 61415 61416 61413 61414 61410 61409 61421 61420 61419 61375 61371 61393 61396 61337 61336 61265 61155 61166 61267 61266 61273 
137
83836 83831 83826 83827 83829 83839 83848 83853 83851 83849 83850 83857 83860 83859 83871 83891 83890 83838 
10
8931 8913 8874 8975 
